P0: 2.679099951896e+03 0.000000000000e+00 1.637948869301e+03 0.000000000000e+00 0.000000000000e+00 2.678957252788e+03 1.249458099115e+03 0.000000000000e+00 0.000000000000e+00 0.000000000000e+00 1.000000000000e+00 0.000000000000e+00
